y1_TEST_MSE : 0.00853298
y2_TEST_MSE : 0.00740641
Execute Time : 270.229s