y1_TEST_MSE : 0.74124811
y2_TEST_MSE : 1.28009738
Execute Time : 145.445s