y1_TEST_MSE : 0.07966399
y2_TEST_MSE : 0.00700026
Execute Time : 221.352s