y1_TEST_MSE : 0.00483651
y2_TEST_MSE : 0.00602275
Execute Time : 119.169s